(31.8423,33.3021,32.3712,30.4253,31.1032,27.9209,28.0685,31.6294,30.8263,31.6236,31.6596,28.9334,28.4097,30.999,32.7143,31.1408,34.8166,31.4493,38.534,36.0718,39.5278,37.4857,38.5054,36.7237,41.7028,38.9689,34.8491,32.8099,41.126,33.7559,36.3514,33.0182,32.937,38.9925,38.0194,39.337,44.1277,37.2854,39.6778,34.8823,39.1971,38.6173,42.2168,38.776,45.8156,35.7799,38.4099,44.949,39.094,46.217,45.3056,40.7793,43.6028,42.1233,38.6905,42.7685,39.8767,45.9186,41.1792,44.3473)
(33.786,29.4283,27.3768,37.3424,26.0134,36.2028,31.0243,37.7853,35.7543,36.953,32.4006,37.2576,37.5364,40.4136,33.8632,33.2537,43.2327,40.0221,34.1173,38.4532,42.5647,37.4766,37.2659,43.0438,39.4282,43.5632,45.8074,49.2652,40.0135,43.1008,40.9674,47.6898,47.2499,49.2136,43.9907,51.4391,49.9115,53.2786,45.1929,45.8125,48.8848,55.9336,50.8227,53.7613,48.7672,57.6819,58.6001,54.3536,57.2922,50.0882,55.5525,50.9293,56.8585,54.5623,53.5783,62.1838,62.8526,57.1975,63.8281,56.1269)
(28.1121,36.3293,29.4486,36.2299,36.3084,27.1836,33.3193,30.7454,27.2486,35.6898,28.3023,34.4149,36.1121,32.1317,38.5204,31.5615,30.0991,35.5261,34.4978,33.9079,41.7105,40.1728,40.6953,36.2342,32.534,40.753,43.6766,40.6874,32.3973,37.5158,44.2263,34.2962,33.8502,41.4931,37.198,38.8984,42.4324,45.5173,45.8172,45.8344,39.4513,41.1374,42.3521,38.8468,41.1352,47.2166,38.3026,49.9033,46.9802,49.8109,43.6625,42.2603,49.1265,47.7338,46.039,46.8042,52.0079,43.246,46.1068,45.1586)
(33.8521,29.3957,31.5708,31.1028,25.3776,31.4809,36.1373,32.8189,37.5624,31.6066,35.3645,34.9452,38.5599,36.8803,38.5829,31.8456,32.358,31.984,35.6291,35.851,30.4303,35.6409,33.5137,34.9342,35.8212,35.5492,36.5261,35.8597,35.5282,42.8287,40.8326,39.7685,39.1554,43.7347,36.4371,43.822,39.3814,41.5543,39.4323,36.2012,40.5088,38.638,39.1037,41.9803,42.6664,43.1847,39.2537,42.7773,43.7083,46.995,42.2052,44.2995,42.6413,46.78,46.5499,42.4782,46.4594,43.2089,51.5067,41.9907)
(24.3698,27.8755,30.794,36.7516,30.1614,34.2076,30.7986,37.802,33.6575,37.9637,34.2014,31.489,33.0737,29.0628,39.3386,40.3215,34.6842,38.0191,41.299,41.7387,31.535,38.8591,35.8947,35.9258,42.1618,33.023,34.1796,33.8405,39.7122,40.8846,41.2693,44.0432,41.0983,46.3791,43.4581,46.6678,42.1843,42.5297,41.6119,45.1653,44.5637,42.871,42.4655,39.7585,40.43,50.1219,45.8121,49.3347,44.6657,51.6751,47.5062,49.7913,52.6863,45.2849,48.1314,51.8167,49.2607,44.194,51.1619,53.7576)
(30.2515,28.6556,36.289,26.3907,35.7298,35.9366,36.1815,27.9742,28.5137,33.1142,29.3176,32.0442,32.9692,28.5075,29.2677,32.7244,28.3996,36.7392,32.2871,35.1907,35.4984,37.4741,40.326,36.2792,37.6541,32.5134,41.6646,35.9484,38.3093,43.6869,36.7905,33.3523,44.1691,44.3983,34.6876,39.4783,34.8033,40.2907,34.9513,36.0383,45.3628,39.1979,41.2338,44.9372,37.8962,41.6066,37.2036,45.4698,36.9451,44.4959,42.7153,47.9713,48.4778,45.3876,49.0176,49.043,45.3036,39.4619,46.9561,44.7084)
(28.4257,26.9938,26.9668,30.847,35.515,34.0646,33.1163,27.1808,37.2714,36.2559,29.6748,36.6051,35.1412,39.0806,36.7262,39.4162,32.78,35.5054,33.4954,37.0514,34.0591,31.4759,39.7085,32.1267,32.2649,37.7158,33.4,41.8694,43.5012,37.201,37.9621,37.0262,38.7755,39.9923,43.3845,41.2662,44.3841,42.2948,46.3428,42.4979,36.4419,37.5313,42.5587,47.3838,43.5715,40.6887,39.4836,38.767,47.4946,45.1023,43.0655,46.9664,47.4131,41.3982,50.551,46.5232,46.3846,41.8187,51.2098,45.7781)
(29.7404,25.5891,27.592,26.8033,26.792,37.2971,31.5954,35.2787,35.9409,31.3922,34.2783,36.0939,35.631,40.2588,41.3602,34.3746,33.8735,35.8735,34.5659,37.0087,39.5055,41.5999,40.8516,38.9976,38.4571,36.4361,42.1236,43.1119,38.5681,38.6533,44.7001,45.5389,47.9692,39.8013,44.165,46.5594,38.5372,43.6417,48.4366,43.0117,48.2249,49.4614,51.1301,49.5438,52.6234,41.7961,45.8359,45.2485,48.3497,54.633,45.5936,49.1116,50.8138,47.2456,53.7837,52.4052,51.8714,56.8128,46.9879,47.5532)
(28.1599,24.2887,25.8051,34.9801,25.1347,26.7568,27.3727,36.4123,36.1388,27.7068,32.488,29.0913,35.0191,37.6617,38.9191,33.9834,30.377,38.9289,33.2863,31.8917,35.2023,36.0958,33.6072,35.8679,31.6366,36.8904,39.9256,42.284,35.0377,35.9753,36.2941,32.4061,42.6208,32.1441,36.9628,33.879,43.0449,43.1852,43.2838,40.9377,40.6858,40.5853,36.5493,43.4101,42.3284,45.0991,41.7388,35.5322,44.2607,40.6304,38.4283,38.0402,39.6954,43.7154,42.6318,40.6647,48.4025,46.2154,39.5707,42.8827)
(33.7317,28.6552,25.6557,31.9649,28.9012,31.4115,33.6236,32.7951,37.216,36.4011,35.1056,37.7723,38.7843,32.8908,38.8768,36.7014,33.8543,32.9285,36.6025,37.3403,32.8377,42.6065,36.4027,38.4143,36.4863,38.8038,43.8872,39.8808,36.6834,40.5205,36.1627,38.1798,38.2165,45.0537,40.4969,44.4415,47.7718,38.4642,38.2428,49.3243,42.5451,43.1051,46.3689,44.6547,45.2055,50.6693,49.0697,49.6051,40.852,44.1984,47.5691,47.0216,43.1834,53.764,44.9842,54.3964,45.5357,52.1732,53.873,54.6019)
(29.6489,33.096,35.7914,36.134,35.4777,31.3674,28.5086,26.3133,29.4857,28.9099,31.5858,33.4674,31.8387,31.5545,39.1221,34.5039,35.65,29.7436,32.0648,31.2191,39.18,35.8005,30.3469,39.7763,36.7882,40.3763,38.5427,38.6562,38.2074,40.3655,41.8373,42.4142,35.2894,43.908,34.6427,41.4042,45.9559,36.3065,46.134,34.9716,46.2074,41.103,36.7349,42.6702,40.2554,43.5537,38.9576,44.2462,43.5323,43.1027,43.5932,45.8035,48.1441,50.2292,40.7608,42.3952,46.3509,41.5778,41.707,50.3943)
(32.4244,27.8671,26.9347,34.6701,36.8598,33.8218,29.6387,25.8155,34.3915,36.803,26.9604,31.2711,32.4836,34.3538,32.6433,32.7952,34.9383,29.456,36.6924,33.4479,35.1411,40.266,31.8118,39.9387,40.4465,40.4979,31.3181,34.464,31.8126,33.8859,33.7691,34.188,33.546,38.9841,39.9811,41.696,40.8359,43.3476,41.5864,32.6978,40.0943,40.2708,38.6587,37.0113,38.2539,38.667,41.6678,37.9471,35.2142,38.9392,43.0888,46.9445,36.074,45.9129,46.2889,42.4874,37.351,39.49,40.7561,45.9159)
(33.0997,34.4534,34.5409,28.9516,28.2286,26.7665,29.7734,37.5556,34.019,39.1789,34.4515,33.0815,33.6427,36.704,30.9086,33.3063,37.3242,32.6466,33.8072,41.0878,34.3329,35.5845,46.1385,39.4905,45.2126,44.5994,38.937,48.1308,38.4727,41.9919,46.8334,48.5984,47.5435,47.0321,44.4088,50.0604,47.6556,47.6186,44.425,42.7411,48.7739,53.886,46.801,50.2295,48.4831,54.5412,50.7807,52.3561,48.2603,47.7694,47.9476,49.7673,53.7859,59.8488,52.1168,53.9743,58.1713,58.5956,59.6823,57.4005)
(35.6912,33.701,32.233,35.7342,32.7592,36.0698,35.5339,26.6311,27.1744,31.7971,30.7375,28.4921,32.0661,36.3311,29.6023,30.2763,37.9305,31.584,39.6758,35.179,35.8934,36.029,36.002,32.6884,30.8433,36.7226,34.1996,39.5759,40.2991,36.3201,35.1436,32.7044,32.7596,40.9869,38.6747,35.7537,42.0597,37.7087,40.976,38.3483,38.4583,39.5917,44.5658,33.7602,33.6406,43.104,43.6899,34.16,36.4578,36.0082,38.1217,36.7297,35.7692,44.3307,38.1539,40.2806,36.3232,44.2678,41.5968,37.5447)
(27.468,29.3275,34.457,37.3704,26.9016,36.2244,35.8864,33.6723,39.5308,31.5348,29.0574,36.7721,33.431,30.2875,36.6458,34.0652,42.5886,32.246,36.972,43.4529,40.4034,41.914,43.8608,43.7245,35.7325,46.6414,47.4899,45.2218,48.9059,41.9418,42.2175,43.9613,40.2952,42.7345,48.5096,41.5804,50.515,49.2968,42.1087,42.7501,47.2514,51.0317,46.5141,55.9922,50.6571,48.8741,49.2232,57.6687,56.373,47.0701,57.9716,53.3908,51.3581,55.325,53.686,52.2059,50.7064,52.0522,60.1198,51.7195)
(29.4393,34.0155,25.0317,33.528,24.9871,27.837,36.5466,36.6776,33.3098,26.5404,27.5141,36.8271,34.3582,28.5865,37.1974,34.8548,36.4987,30.0073,32.1477,32.5218,35.3956,34.9593,32.4768,34.2004,34.3909,38.1912,33.5906,36.4974,41.0361,30.9456,38.125,36.237,32.6198,39.6909,37.5136,33.1047,33.969,44.6429,41.3404,33.3518,35.645,40.1639,42.033,42.8966,40.2011,35.8719,37.1145,44.1907,36.8345,43.9474,44.713,41.4491,47.6899,44.0029,42.0026,48.2771,46.1509,43.1998,39.0435,42.138)
(34.3446,30.8316,31.7282,33.2087,28.9381,37.8676,31.4129,34.4926,34.8031,37.4833,28.704,37.5792,36.73,40.365,42.2197,33.1297,37.5013,35.6559,33.8402,40.725,40.0958,39.8317,40.35,34.3198,44.2052,42.4706,36.8043,46.8042,46.9128,47.8417,41.8952,41.9192,43.392,44.2236,43.0351,50.2648,41.5461,51.7451,46.8709,49.3458,50.3445,44.561,49.5355,48.2993,43.7445,54.5763,51.8638,49.7764,52.4852,47.9833,58.2694,48.7905,48.7111,50.2804,52.1461,53.8708,52.4796,50.8666,54.961,61.707)
(28.0361,28.2934,30.4948,28.3946,36.8872,37.7666,33.5699,30.6985,33.6189,37.548,32.7712,31.0345,29.2692,36.3417,38.9863,36.1579,35.7256,40.3936,34.0946,32.3979,39.3889,43.7628,37.7561,33.4727,39.7216,40.5221,36.2185,36.86,37.2476,44.2188,45.7702,45.5245,42.0663,45.7828,47.9846,41.0704,47.608,39.6161,45.3248,41.0513,40.7009,49.0481,46.4484,42.2738,52.8364,52.2561,49.2826,55.0288,46.9417,52.7052,47.8104,54.1507,53.6787,50.8037,46.405,51.839,50.7424,52.5322,47.4843,57.9786)
(27.0362,31.8087,33.7103,31.5795,31.8397,28.5,29.6826,34.84,27.4564,35.8762,37.0827,39.2002,29.8161,29.3745,29.8381,31.0861,36.1436,33.4946,36.3367,34.8118,36.1365,41.6405,38.465,43.9474,32.8479,39.2058,42.2322,39.5784,43.5699,38.5293,40.5917,43.1789,44.991,40.3601,40.3059,37.5226,37.49,47.0467,41.9242,40.2884,48.4371,42.1013,48.4543,43.4423,44.8052,49.3108,51.9711,42.8951,44.2521,41.6542,49.6671,52.0086,46.0154,53.8575,50.6243,46.6934,46.7181,52.2497,52.6182,48.5283)
(26.2911,24.6488,31.1276,32.9299,34.4722,29.5774,35.3982,29.3368,38.764,36.5588,29.6411,33.2196,34.6822,31.39,37.1512,38.6461,34.6698,34.9155,31.4544,34.9168,34.3557,31.2761,32.7284,37.6711,41.0701,34.2816,42.5605,39.453,43.1579,42.5923,35.5034,42.5547,45.3092,37.5123,39.4013,42.1568,36.4175,38.8077,41.6367,38.3518,39.2452,47.4581,42.0507,41.3258,48.2452,47.1835,49.8631,52.0311,40.9193,50.0902,44.5092,42.785,49.555,45.4105,46.6866,52.493,45.5301,53.2799,54.7975,47.9018)
(25.9048,32.5737,32.12,28.5292,26.0055,26.1566,34.0539,27.642,37.1081,32.7321,38.3824,31.2005,37.9664,31.0614,32.8455,33.17,36.7454,32.4716,38.4409,40.271,38.7913,34.6562,38.9426,32.2304,41.0263,39.992,41.7743,33.366,41.3157,40.9748,32.9557,44.683,45.1334,37.83,40.0901,36.9142,45.8312,39.036,42.0486,42.4791,45.0785,37.6194,47.6069,41.3996,41.6385,46.32,45.6012,40.1456,43.0164,40.0902,40.5583,50.4796,40.1837,45.4554,44.8229,42.3763,48.0405,44.7052,48.6185,47.3797)
(24.9629,25.8042,35.4317,30.5089,30.8281,31.3033,28.9987,26.2957,37.861,30.8825,32.9114,33.2148,29.7634,31.9595,35.0306,39.2985,37.1798,36.5934,29.9821,40.2048,32.248,40.454,35.7918,32.9316,33.1925,39.4272,39.4743,42.1764,38.7841,41.2251,35.9001,35.3182,32.2017,37.2572,41.4936,33.2426,35.1166,40.4223,42.524,44.3638,42.4143,35.7788,36.2996,44.8221,46.9924,46.0238,40.8002,41.3438,45.2243,38.4021,38.5252,42.6518,39.9947,43.4411,42.9535,48.1042,40.1929,43.6691,48.8327,47.918)
(31.3418,33.0911,26.029,29.4065,28.7909,32.1861,29.9918,29.4901,32.3117,38.2447,37.1723,33.7049,36.6105,31.4095,39.8866,32.2281,31.3955,35.4862,42.0714,33.869,42.7024,37.5916,37.1149,43.8249,44.698,43.6686,35.3524,36.856,41.6624,44.6191,46.8326,40.5648,48.2785,46.859,39.2931,40.3689,39.2976,38.3129,41.6813,49.479,41.934,43.6437,52.1649,43.4355,44.966,43.4793,53.3302,42.3546,54.3248,43.7913,46.2123,52.4699,53.3845,46.1186,44.8589,53.8531,53.3348,48.3702,51.368,58.7586)
(31.9602,25.7506,30.7712,26.7175,25.6023,36.0902,35.6161,29.976,29.4513,33.2844,35.3669,38.0881,36.8697,28.9326,38.2175,35.8776,35.0811,37.7266,40.9207,36.9452,37.8868,40.9712,37.4514,35.1178,34.268,33.9839,40.7591,36.9617,42.7715,44.9389,33.7534,41.858,34.4006,42.8055,36.4193,46.7352,46.2718,43.1024,36.7308,38.2269,44.202,40.3242,44.4635,49.3417,49.0072,39.6666,39.6413,50.8915,48.5847,45.5287,50.6493,43.5572,42.0975,50.7904,49.5213,48.6349,51.1868,52.8154,43.8219,50.4877)
(24.3217,33.0434,26.387,32.605,30.6259,25.6265,29.8207,37.5495,27.2731,27.9082,32.2644,38.2297,31.721,29.6619,40.2461,33.3738,34.959,30.2166,36.6064,41.729,36.8269,36.2858,36.65,37.3854,36.9861,36.4116,33.9599,35.6302,43.5881,42.6446,33.2811,37.9087,35.3365,43.4145,36.9935,43.8325,35.2567,42.4375,38.1842,43.3817,39.3385,39.6461,43.2657,40.8055,42.5956,44.7639,44.7883,47.4322,50.1073,39.6678,39.5953,46.7721,50.8566,40.3297,49.0613,49.6054,46.4916,42.1157,44.0376,49.9189)
(32.366,31.6288,32.1317,32.9739,36.4377,33.8299,29.978,34.2071,30.8773,31.3116,31.9019,37.28,38.1222,30.5393,31.8152,38.5818,32.3473,32.4474,33.9234,34.5508,39.1919,41.6081,38.7608,34.9897,37.1506,44.6784,37.1451,40.5861,38.5475,39.7364,44.0172,45.1852,36.0974,47.6768,41.6792,45.129,48.5803,42.8849,44.8898,44.0211,47.8962,47.2207,49.039,47.2607,49.1569,47.7646,49.79,46.7338,49.8227,42.528,51.8427,50.1816,51.4025,43.0433,50.6438,47.3214,54.2903,49.239,49.0919,51.4834)
(32.4475,35.3535,27.1338,33.0984,36.3429,29.6131,31.7464,32.1358,30.0858,38.2735,31.172,35.3471,38.3254,40.0857,33.3459,35.9474,36.3706,33.6872,34.0182,41.6147,34.4467,39.0309,44.0532,42.2308,37.6025,38.6732,44.4589,37.9971,41.0815,41.2954,44.0038,48.5821,46.4939,46.7284,47.2683,42.0147,42.0039,46.7228,47.818,52.9277,52.2037,45.2987,46.8771,43.8099,44.4604,52.4182,55.7634,55.6387,50.0913,46.8493,46.3585,57.145,58.5384,54.4914,48.5379,51.1196,54.9242,49.2409,58.0073,51.5771)
(31.5669,35.213,29.1733,25.3707,31.1327,31.5935,37.8736,33.0938,29.6342,35.4663,28.1204,33.3485,30.3369,33.5632,32.0843,30.7322,34.9871,40.2038,38.3768,30.8851,34.0266,31.8949,39.3369,32.4948,38.097,34.8148,40.8335,35.494,36.9015,45.1702,43.9814,37.2477,42.2271,46.0318,38.2581,42.6797,41.0243,41.3018,39.4822,48.0986,39.4149,45.5221,43.6837,48.7366,47.5949,46.4417,50.6511,41.8011,42.1036,47.5171,52.2549,50.9825,44.2142,50.8325,43.0698,47.9534,50.1009,51.5143,44.6568,49.4978)
(28.3009,24.3384,28.9174,28.7941,26.2872,25.8074,29.941,26.2462,34.0405,37.2671,30.8945,32.3459,33.0309,28.3692,37.7044,37.9917,30.5435,31.2921,38.4016,35.9718,39.1954,41.259,38.3452,31.106,35.9777,38.6302,43.5809,37.534,44.0964,39.6928,42.338,33.4382,41.6744,41.1512,40.703,42.0472,45.1459,42.1958,46.0451,44.4776,47.3329,45.2579,42.195,37.6585,37.7141,38.8288,42.4828,39.161,49.5987,43.9513,48.0416,39.3147,40.5564,47.2616,45.6188,51.399,44.1778,46.5862,52.7879,43.6861)
(25.8559,25.9505,30.6158,35.7303,26.2724,36.4934,34.3395,29.7476,30.3834,34.9669,36.9926,30.8944,36.3232,33.8854,34.4324,41.6407,36.4763,38.6604,32.6411,43.5741,33.3227,37.6762,36.8821,43.4735,41.1055,34.8839,45.6726,44.7585,46.6322,36.5412,37.9177,39.4613,40.8852,42.1134,43.83,49.6678,46.6172,47.2302,47.3134,48.8387,49.0419,48.5456,51.1028,44.6638,43.5935,46.3658,52.3344,45.5532,47.7031,46.9251,55.2726,48.0253,49.8928,48.1392,49.3732,55.8923,56.0081,58.8477,55.3376,51.8991)
(25.691,33.3709,27.1828,35.2622,25.9799,29.8029,35.3159,32.2472,31.83,37.2008,30.2565,26.6136,37.1233,31.2693,38.362,36.7616,37.1962,36.8399,30.8332,30.0534,35.8157,30.2305,37.6387,33.7949,38.6424,38.5806,31.5159,33.4933,35.0568,33.4229,32.161,40.8284,36.419,40.0272,32.3955,33.8878,40.2681,35.7221,39.9814,43.7978,36.6652,34.6545,41.4373,42.1716,34.4867,40.495,37.1326,35.8737,43.3707,35.9215,38.2407,35.5493,37.2615,39.342,42.4691,39.6936,39.8102,36.7064,47.602,37.637)
(34.6615,34.9492,28.4088,31.4279,36.404,34.2489,38.0238,31.8767,39.1526,33.4014,38.3348,32.6886,29.0735,40.4484,39.4207,39.4033,32.6319,33.2505,38.2078,35.0671,40.8345,43.8701,37.5776,44.7419,39.8195,44.2385,35.8884,36.0862,39.8709,41.1134,38.4197,42.9488,37.0525,48.2823,39.9848,38.5466,40.2026,43.1853,42.2513,41.4315,49.3478,45.2083,42.9791,53.0173,46.0803,49.7901,48.6905,45.1426,50.4242,51.8609,47.9711,53.6992,52.0322,49.1879,57.0922,55.3113,50.7422,54.5795,54.8136,56.1233)
(31.095,25.7183,32.7918,35.6996,34.3013,28.4737,26.5191,33.0348,26.4679,32.9994,34.1489,35.1787,33.4969,36.3077,39.0352,30.5257,28.1664,35.4412,33.1814,39.5194,37.9871,36.3101,40.3647,40.7772,31.4136,41.5934,33.6149,33.6411,32.5186,39.1265,31.7088,32.9728,41.8446,42.3056,39.636,38.6865,45.0843,35.4684,45.4922,40.5561,36.2601,44.2388,39.5804,40.6249,36.2279,39.4041,39.5566,45.4634,45.2105,38.7039,39.2585,46.7003,42.5461,42.9057,45.5542,38.3326,44.5585,50.2142,48.654,41.1103)
(34.4492,26.4997,34.6377,25.653,32.8281,30.8026,29.2867,27.8234,31.9161,30.9889,32.1035,36.4646,31.8524,37.4099,33.8718,31.7577,35.9547,34.0551,34.6152,31.3121,40.638,34.3641,40.1079,41.9697,43.1254,35.5346,38.0108,36.6408,34.2333,41.6674,44.2537,45.2864,45.8013,43.3145,39.5465,46.0647,39.5513,39.5448,43.0698,46.5856,43.8715,38.2204,46.9668,41.2845,48.5526,48.401,46.649,42.3342,51.9334,48.7063,46.9668,50.606,47.2478,53.846,50.6377,43.759,53.8381,46.5532,53.3696,52.5364)
(34.3622,27.1068,25.2088,30.0992,36.0317,29.542,31.7275,34.4601,37.1769,31.7029,37.4628,31.3253,38.0778,30.9719,37.5592,31.2733,37.0156,32.6973,33.4392,31.7798,30.3118,39.5534,36.1439,32.7719,33.3515,38.1071,29.9292,39.043,32.7229,35.6028,37.8848,33.363,38.3103,37.5503,40.2664,42.4923,37.1751,43.1976,43.7339,39.2653,42.1209,33.6897,40.1529,43.6236,36.7854,42.0456,44.8601,45.429,34.2198,39.0834,37.2724,39.7377,38.757,37.2856,41.8775,38.0284,43.9107,38.4414,40.1264,45.236)
(33.8059,34.7596,33.8189,31.3703,35.8644,33.6325,29.4165,37.2174,27.6463,35.8945,28.3552,30.4921,35.0868,38.1755,28.0147,27.1686,28.0376,35.4859,34.8621,39.3668,38.0177,36.4707,32.2268,35.1551,39.654,29.5228,35.3367,33.6498,39.9021,35.4978,30.9373,40.9889,30.9786,39.8426,38.0169,32.1054,34.5056,36.1453,38.8235,32.8332,37.1936,34.0818,40.7657,37.994,33.5275,35.1382,42.446,36.5786,35.9507,45.6795,44.0925,36.1107,39.3849,46.5171,44.0997,44.4446,41.2366,36.67,41.6091,45.4775)
(24.3456,30.8076,24.7986,35.3768,26.9198,30.5077,27.8785,29.284,29.5573,38.7845,33.4534,32.1855,37.3762,39.186,40.0274,38.6795,30.0653,39.7461,31.7761,41.3206,32.2706,37.8164,37.4266,41.9964,32.8358,41.2309,44.1993,40.8592,43.5767,43.9011,36.4305,36.2811,40.7584,40.4456,37.4125,39.2149,43.8438,38.1216,39.0122,39.1647,38.5927,42.3586,46.5682,45.4791,47.2092,46.3618,39.3906,44.9108,40.5828,49.2203,50.2986,47.2805,43.4531,48.7537,44.1947,48.1568,43.3129,45.567,51.7966,44.3003)
(32.8897,26.351,31.588,32.8865,31.6725,33.9989,34.2384,37.535,34.2443,39.9793,35.7313,31.422,41.485,36.958,42.0701,38.5162,42.0614,39.6686,36.768,43.1852,43.5095,41.3018,34.9721,45.9153,44.9628,36.6608,45.5809,46.1046,48.1644,38.7611,40.9986,50.0712,40.9565,45.6297,40.192,52.0132,49.894,52.4411,43.7098,49.9614,51.7704,53.7075,46.6566,44.4595,45.2656,46.4371,48.7771,45.9158,48.4452,51.1755,59.0165,50.3913,58.5854,53.5406,49.8108,57.9029,52.9125,51.632,51.003,56.9091)
(35.7022,33.598,32.6245,25.9157,36.6984,26.4159,32.696,34.5439,29.3874,36.5092,37.3475,36.5705,32.8711,28.0811,35.2903,30.8271,29.4173,39.835,32.1149,38.5497,39.8368,38.5563,33.7897,40.078,38.1321,38.2958,39.58,39.7118,35.1943,37.2892,40.2604,42.503,41.6319,40.7333,35.5221,45.6441,34.9448,34.4178,42.3861,44.8266,38.217,44.9621,36.3221,37.8975,38.4535,43.365,37.5468,38.2217,44.2621,44.2088,43.5438,43.9774,47.1065,48.9249,44.3354,47.9936,41.4307,41.0734,50.187,46.3896)
(26.1416,26.6056,29.7337,29.1871,28.524,32.1387,27.4205,33.4699,28.0304,36.1894,37.6978,30.073,37.383,35.6158,31.1017,37.5476,35.9743,41.2459,37.8808,35.6604,35.4171,39.1658,43.0266,41.1455,40.2959,37.7648,45.1828,40.78,39.8738,45.9937,45.1658,39.3584,40.1499,38.8574,48.7053,40.9454,43.3898,44.3939,41.6612,40.4922,44.6977,47.1674,46.3953,48.7574,49.0084,47.0924,49.0936,47.1188,45.7066,52.8474,51.1066,51.648,52.5541,47.863,46.1427,50.6722,57.8287,57.1102,56.0517,55.3586)
(27.7978,27.0803,27.6254,34.1524,37.2533,32.011,32.855,31.9664,35.4147,38.7029,33.2754,29.6206,33.0645,39.7505,30.428,30.373,38.907,31.8193,32.1602,35.1987,42.6438,37.844,35.6661,41.0283,45.8261,46.0554,43.4515,36.473,40.0883,46.7024,38.8987,46.5495,42.9372,40.5038,46.6515,43.2798,42.5642,43.2656,48.0605,50.4424,46.0909,44.9339,45.3765,42.7484,46.6153,43.7765,44.9293,51.9557,55.3343,53.8005,48.4153,56.1285,50.2097,49.6781,51.1673,52.5183,59.6576,60.131,52.2899,58.742)
(35.3658,25.4839,31.5284,28.9865,34.3913,34.8206,37.1329,26.5111,35.3009,35.403,35.0674,37.9181,29.8463,33.8361,29.847,30.818,33.3445,31.1797,39.708,36.6664,35.8758,38.4911,33.4345,40.9596,38.3968,42.1902,41.7851,35.5207,35.7605,32.4343,43.7887,36.2159,43.2886,33.2066,40.4265,43.914,40.9193,42.7477,36.3027,40.8147,39.8725,39.6253,40.9837,36.063,37.562,47.3014,39.2464,48.2103,41.629,39.4752,41.9165,38.4426,49.1552,40.0426,46.1958,43.1266,41.5997,43.5265,41.2354,50.3017)
(33.168,27.9691,33.0336,34.0712,26.7101,34.8409,34.4721,27.3897,36.3332,35.0426,30.8532,40.7698,37.6618,41.7044,36.4214,33.0097,35.3877,42.5218,40.6698,39.5165,37.9862,34.9865,36.5118,35.136,37.5393,46.3161,46.2263,44.3467,41.6548,45.2067,38.7461,47.9425,42.054,43.5984,47.0254,47.586,51.0535,42.8787,42.1338,41.9191,42.371,50.5264,53.3002,46.9743,47.8188,50.2397,54.4644,46.9538,53.7865,55.2879,46.3889,56.2394,57.371,55.9383,59.4509,58.3704,58.415,50.8586,60.9459,50.9952)
(30.4792,30.4352,31.5963,32.7109,35.9722,36.7643,27.1498,35.6619,36.1482,32.7936,31.9509,40.0995,39.3115,37.0013,34.874,36.7267,38.9297,33.88,37.3455,42.2336,36.3361,39.6928,44.0977,44.3103,44.7525,43.7823,42.1937,42.0083,35.8919,37.8995,40.9005,47.9548,37.0961,39.1584,46.4378,45.2822,39.4416,42.3236,44.177,42.5366,45.1002,47.7023,42.8136,50.9578,46.7506,52.2104,48.529,43.1706,50.7309,53.6195,47.7301,54.6026,45.0299,51.8239,46.8738,53.4797,47.8668,49.0004,55.4418,53.5716)
(32.3432,36.3071,35.1247,36.4052,26.1914,35.4425,29.1227,31.9731,27.6488,32.0922,36.1119,37.0215,33.1691,35.2322,40.1699,36.2194,31.36,40.6177,30.9077,39.8448,36.0001,35.5235,38.8957,33.1638,34.845,39.5062,38.9345,33.4707,36.6057,43.1974,38.9248,35.5659,43.492,38.0216,40.344,41.5797,47.4729,46.9747,43.6826,40.1522,46.1108,48.5374,49.5793,46.6475,43.7568,40.7776,48.5116,45.3375,46.0003,41.4594,46.0434,53.5436,49.2516,42.5785,44.2902,52.3988,45.3927,52.0673,50.6687,52.3506)
(24.9243,32.8745,31.5197,34.5193,34.9922,35.4305,34.9666,27.5581,35.7397,31.2382,27.7902,32.6381,36.1614,39.8309,34.4529,34.0267,36.8333,36.8996,33.1744,38.2467,32.2014,39.1843,39.6869,34.8872,33.3844,31.5489,38.7227,41.2024,44.1856,34.4332,35.8557,38.3383,37.3177,38.3065,39.0474,46.2477,44.0215,43.1543,37.9602,36.8397,43.0985,37.9139,43.0857,40.7167,39.295,37.5623,48.1818,38.7467,41.1265,48.8762,50.2708,41.963,51.3178,46.4597,50.8545,47.2971,44.6721,46.6612,52.2696,44.0103)
(29.9787,26.9214,29.0286,28.0369,28.7972,30.2258,25.9078,32.0277,33.1842,36.5745,28.4837,28.9623,33.5259,31.8056,33.7718,37.8599,32.8174,37.3519,36.6338,35.0328,32.9145,32.6569,41.4258,40.9798,34.0663,42.3135,36.7227,41.2863,39.0765,40.8565,35.7784,35.2097,35.3946,44.0842,38.7009,42.3622,42.7579,39.8416,43.064,48.3103,43.2505,42.9168,43.1707,44.3941,49.8599,47.3046,48.4196,46.327,46.1714,40.1598,48.9578,42.3068,41.2483,43.2303,43.3112,44.0028,44.5329,45.2583,44.1296,46.7487)
(25.0866,33.6042,27.7344,36.812,26.7692,29.2883,31.4316,33.5368,31.8486,27.342,31.3251,29.1236,37.752,31.0719,36.7494,28.0564,35.8491,33.8484,38.8098,29.0564,35.6494,32.2492,38.6362,38.094,33.2749,37.9128,31.3777,33.6757,38.9015,32.821,39.5781,36.6843,43.2105,35.3478,42.882,33.9724,37.5428,41.299,42.1035,40.3543,40.0002,43.3793,44.4449,36.157,37.6192,37.7106,39.4305,40.9199,37.5259,40.3373,41.1443,48.3568,40.9312,46.4104,49.7314,47.0844,48.6435,39.2195,43.8585,44.7519)
(32.4012,34.5121,28.8378,33.4046,26.9644,29.2071,34.1624,29.3236,33.5701,26.9176,29.2003,36.1302,30.2,38.0071,35.6305,29.0294,36.6992,40.2198,38.462,39.5571,40.8879,33.3897,33.9913,37.2776,36.0959,36.6402,33.6926,39.9478,35.1252,35.9684,36.4535,41.8884,39.9547,40.5298,35.7068,42.2173,36.7615,38.919,37.7777,39.4512,43.7018,37.8267,37.6645,45.498,40.3585,46.5711,36.8678,45.7098,46.9679,45.4818,37.4566,42.2507,37.9349,42.3033,48.8509,47.291,41.9752,50.0243,41.5126,42.9404)
(26.2907,24.5427,35.2732,29.6004,27.9254,36.0729,26.0404,35.11,37.747,37.2857,35.4918,38.297,35.1139,33.7298,29.5949,30.969,32.5292,30.1346,29.8892,39.8643,30.6768,40.4595,36.7131,39.6031,40.415,41.466,37.6244,31.208,41.2433,32.6386,33.7061,42.9042,40.5715,34.364,34.4977,32.5183,43.1379,42.7975,38.4723,37.7992,34.742,38.0543,46.0637,36.5564,42.3345,40.0886,37.9355,43.4449,37.7019,44.1675,37.6905,37.6515,47.6163,46.9035,47.3185,43.7406,45.1569,42.8827,46.7807,44.1602)
(30.098,25.3814,24.496,36.5562,27.488,32.3672,36.3834,37.4931,36.3818,36.7034,30.205,34.1713,29.2314,30.1079,32.833,30.143,37.6901,37.3713,37.824,39.5028,29.1619,36.9663,40.5268,37.2178,33.251,34.4477,35.9889,33.1025,41.6733,33.3105,35.6813,41.184,41.4957,39.0569,32.7388,35.0849,42.1943,33.6754,43.9274,34.1964,35.2389,44.2449,37.701,38.2374,35.4861,38.3034,45.033,39.2066,46.8282,46.4613,45.7793,44.9218,41.2113,40.3333,47.5935,42.3216,46.1667,38.4624,46.4159,39.2915)
(26.7879,31.3263,27.5762,35.6242,32.7437,33.4589,26.4667,34.1312,32.9304,32.1878,39.4117,33.4704,38.8846,34.3226,36.0448,40.2329,37.6777,40.0624,41.2775,41.5488,32.7443,42.3536,36.4384,38.4426,35.5618,41.3182,43.8472,46.3142,35.6398,39.5253,40.2218,43.3542,42.4504,38.0364,48.2579,46.2792,46.2505,47.1436,39.7407,41.5004,39.5647,47.4922,47.6647,47.3625,42.5456,47.8669,48.5242,47.619,45.3487,42.9794,48.3437,47.7028,51.3992,53.6267,53.9502,54.122,50.4622,52.5641,50.1863,48.0509)
(31.228,26.2065,30.9115,33.2714,31.564,35.6257,28.5426,27.6846,31.7055,28.3834,32.0022,39.6861,33.6738,34.2638,30.9116,37.9742,35.9135,37.4674,43.8132,35.4338,40.9041,45.5331,45.277,38.5857,39.8546,46.5066,47.7635,38.1385,42.5486,47.2624,48.329,44.0324,45.9146,42.9399,49.621,42.0098,45.4942,50.237,45.7366,43.5573,43.5421,54.5188,50.0327,46.0956,49.6369,51.6186,55.4625,51.1941,51.6004,46.3226,52.6551,53.9512,48.8702,56.0503,56.4809,55.0496,53.9247,53.9208,61.7568,56.7657)
(24.7267,32.7481,33.0513,27.5392,31.2707,28.4246,28.3125,27.8699,37.919,33.0452,32.5195,28.274,30.1753,31.9852,29.2459,36.3192,32.2506,34.474,40.0221,38.3023,34.8734,32.9619,31.1455,33.6443,37.9994,38.9386,36.3561,35.3748,38.8335,42.1585,40.0035,43.0935,42.248,35.0372,37.7251,36.9207,44.3392,45.4385,35.8543,34.9254,42.14,42.8556,45.5868,45.9469,44.2983,46.2639,37.6888,44.5304,39.4736,45.9538,46.1358,40.5546,41.6554,43.5571,49.5408,45.3775,48.8332,39.1683,47.3902,43.178)
(25.4755,28.618,30.6357,31.7309,32.6194,30.4798,37.9551,34.1946,37.9452,29.9011,36.0459,30.1416,31.9371,39.0302,31.6419,32.2799,40.19,36.601,36.3015,36.3028,38.662,43.1816,40.7122,39.3214,38.2596,37.3858,44.9489,34.8175,35.2972,45.834,36.7713,43.1592,47.8099,47.7542,44.6834,38.1621,42.5564,39.0434,49.5285,45.3365,44.8931,41.0779,49.8182,43.6792,43.8274,50.1309,52.5302,42.9092,44.5927,49.6146,43.9101,52.2392,49.5204,44.9036,48.9432,47.8582,54.8202,50.4295,57.2677,52.3038)
(26.3572,33.8344,25.0056,26.7152,34.3217,36.284,30.3474,28.5219,30.4632,28.5734,28.953,34.712,34.2319,27.7779,38.1341,34.4141,33.2642,31.4379,33.5027,33.6535,36.4255,34.4207,32.2456,41.6738,32.1113,41.205,33.7198,40.0825,34.19,31.8379,38.8472,40.4779,42.9841,38.3757,38.8901,41.4183,43.5047,37.3786,38.6531,38.5311,36.7977,43.8809,40.7921,43.0078,46.1206,40.2207,44.2468,45.6961,45.6802,40.915,43.6375,38.4651,42.4387,47.2932,46.5458,42.0784,42.1246,48.6845,47.387,47.7001)
(24.6489,31.2839,34.2765,32.7512,31.8226,29.2669,26.8974,26.6107,34.4524,28.1966,29.5422,39.4187,39.6156,40.3127,31.421,31.7766,37.8726,37.6285,38.7321,31.8649,39.0034,38.7545,38.3063,41.4516,36.6026,36.1195,42.9675,33.6817,34.2749,39.2226,41.4984,44.5167,43.5551,46.2737,43.1069,40.8373,41.9005,39.3583,39.2858,48.4083,41.5426,44.1169,48.889,42.2135,40.9427,48.2482,45.2533,46.2637,45.7478,48.4492,51.5267,53.6864,51.3172,44.1709,46.588,45.734,53.3818,55.2757,51.9602,45.411)
(32.5478,32.5061,29.5296,27.3467,36.3129,26.8264,29.4301,36.1846,32.9603,29.9999,37.6376,31.695,35.1879,34.2799,40.499,39.1654,32.1929,39.3425,34.9055,38.059,36.8012,38.7487,34.3022,35.7306,34.2872,36.6112,44.2668,39.9184,42.3345,43.6927,39.6138,38.6879,40.349,44.2939,41.1709,42.3476,37.7411,39.5935,47.4305,43.3212,39.3822,38.4589,39.5526,44.7633,45.4976,41.2314,43.5444,49.997,48.7578,43.9353,46.9441,43.2299,45.4969,48.245,54.6543,46.1633,47.8938,44.4914,45.1562,52.3146)
(28.2043,30.5533,35.0831,36.9632,36.1705,35.9897,29.6103,38.3947,37.4854,38.1906,33.0931,33.639,36.3086,36.2005,31.8807,34.9836,39.6592,39.7531,42.7715,40.5471,33.9892,44.8007,37.516,45.6821,42.7145,42.9093,42.477,46.3234,39.4728,42.3377,46.8228,39.1562,39.3591,48.5248,44.5124,41.5565,46.6343,41.9701,48.0125,51.9475,48.8065,45.6336,50.0482,45.7204,48.4274,55.1062,48.0823,47.6958,45.7531,56.0442,47.6652,51.3803,47.8372,58.5492,51.0508,54.6252,53.3052,60.1222,55.5164,54.1351)
(33.3222,29.5011,25.4313,36.3573,29.6994,35.817,32.9363,36.3042,37.8753,33.5941,33.9937,30.3275,34.7108,34.2747,29.8171,34.5089,39.136,38.2577,34.1652,40.928,41.0262,39.1869,37.9073,35.2212,34.2669,40.5836,32.8369,40.9529,41.5663,37.0552,33.4452,37.7616,36.6362,38.6821,41.3666,39.4326,36.362,42.6861,35.6102,34.4654,39.9532,43.009,41.5942,39.1876,39.5597,42.0786,37.1896,38.1805,44.0763,47.0829,37.5952,38.0055,39.7954,39.1023,45.0495,45.0886,46.2197,41.8202,48.7685,49.3679)
(31.7597,26.7631,34.0283,31.7494,32.4293,29.3602,33.2741,31.7786,27.7433,28.1499,34.749,30.5158,29.176,30.8084,39.5435,30.5461,41.4827,39.6908,32.8415,33.3844,38.5006,35.6879,33.8578,41.5827,42.5696,36.2763,43.5169,42.7135,41.7174,38.6222,36.1531,41.7926,38.2943,37.6334,39.2254,46.2512,47.4275,38.1094,38.1992,45.9487,50.1906,46.3298,39.3872,48.7683,44.75,44.4633,51.9668,45.8226,43.9532,53.4588,45.1991,51.0468,54.3225,47.1479,51.2025,53.1001,53.387,51.8481,48.1408,48.4244)
(27.5209,24.4954,31.073,30.5883,34.1096,29.2369,26.0058,30.209,29.4867,32.6091,29.6593,38.3381,38.5963,36.8248,38.9036,35.7926,30.2259,34.7974,34.2268,40.9726,39.5,41.2546,38.3154,31.8876,36.2942,31.7451,41.8245,37.9889,42.3229,38.101,37.3753,39.6793,43.0327,41.2381,35.808,41.3902,40.6234,42.2241,41.0002,40.33,34.9903,36.7261,37.7775,40.1949,38.249,45.1358,41.4218,36.5087,41.9998,43.823,46.7079,38.653,42.9917,46.0701,45.3095,43.2234,46.3451,45.7822,45.7649,47.8313)
(32.3957,32.2213,28.0688,25.886,30.9793,36.8497,26.7479,27.1984,30.0815,37.0796,29.4789,36.6411,37.5669,30.026,36.9319,34.0419,30.0568,30.6748,31.2297,33.9075,39.2913,36.901,34.2637,38.3258,42.2316,41.7982,36.1144,42.6318,41.832,39.542,39.1234,43.0717,33.52,37.2032,35.9991,37.8139,39.766,42.7966,47.1673,42.7434,40.1335,41.9821,47.7816,41.1944,39.3635,42.0016,41.974,45.4776,40.7163,38.8372,42.5553,44.9676,46.7912,46.3435,45.29,42.6728,47.5818,43.3338,44.7413,51.312)
(31.4318,30.3095,28.1229,36.9115,36.1714,34.0891,29.1051,30.8835,38.2516,35.4753,31.1552,31.3416,29.7808,36.1498,29.0212,36.6111,37.9999,38.1595,36.0045,38.7071,33.2127,32.8299,40.5084,34.8711,34.0653,35.3912,42.0429,41.3847,37.5244,43.8566,37.7133,39.3462,44.6718,35.3403,40.7883,40.8014,38.2953,46.818,38.4677,36.446,39.0032,44.3924,42.6499,37.3629,47.7029,49.2231,44.5479,44.2041,49.3061,43.6927,38.9958,47.9871,41.9282,41.7305,49.6172,52.3466,49.8546,51.4283,43.9403,52.9418)
(30.9449,24.5183,30.0238,29.9887,36.3021,29.505,34.6694,30.524,32.8924,37.4005,37.971,32.8752,31.0555,30.4222,35.5124,37.0662,40.313,41.4691,39.0166,31.6493,41.9018,39.4787,36.7163,35.8777,44.2468,35.2585,38.3573,44.4224,45.7637,44.1664,44.265,43.4577,36.2302,41.388,36.6205,44.3547,41.6106,39.5404,48.9748,39.0861,42.7474,39.2986,51.1563,40.1715,49.5644,42.9311,42.5207,49.1011,52.8935,49.9089,42.5705,43.8721,51.3467,43.9797,47.0024,46.1693,55.8344,47.2937,47.324,45.9599)
(24.2596,27.5917,26.4535,33.5624,36.2375,37.0042,36.2248,28.0765,35.1197,37.8498,36.6445,29.8328,31.4669,34.2231,34.4477,39.7841,37.1638,36.4914,34.9427,35.056,39.4049,32.5474,39.5079,38.1208,41.3544,35.7972,41.518,34.2679,40.5013,43.2969,39.1167,43.077,38.3446,44.303,41.154,41.954,48.6909,45.0179,48.6085,47.4285,41.7677,45.2213,47.9727,40.2393,44.1321,40.8774,47.0609,51.9444,42.7847,48.5702,45.3147,50.9448,45.8286,45.3599,53.3005,53.9625,56.3839,48.541,53.4738,52.7202)
(25.8974,30.3572,26.7253,31.9482,31.5096,25.3241,32.7738,33.0046,29.6269,29.8805,37.0871,29.2395,27.5392,32.8076,35.3457,33.2183,30.8467,37.8286,33.0274,32.7207,33.4903,40.8691,30.8909,29.7782,34.5049,35.4544,34.3597,32.074,41.2569,34.5786,37.5482,36.1887,36.9847,43.2438,34.9508,36.1548,40.8654,42.2105,35.5956,36.6436,33.8607,37.4821,36.4255,44.0834,35.0005,43.5379,38.0046,39.0922,41.1904,42.8057,47.2735,35.8929,42.9993,42.0785,42.1655,39.5644,46.1136,39.7445,47.3587,42.8935)
(34.512,29.3786,28.4176,29.6349,34.8758,37.0063,32.0426,30.1627,35.3908,36.7991,38.0707,36.0216,38.3222,34.6606,32.816,34.0792,35.0552,38.0116,43.2581,42.3469,41.7182,34.6701,39.4627,43.2277,42.2226,44.8904,38.6748,45.7691,37.6568,46.8945,47.4574,44.155,45.9697,39.4868,49.8244,42.777,46.3063,42.0869,50.7676,47.4875,48.8712,43.0782,46.1992,48.9801,44.0108,45.7621,49.042,54.3233,47.4926,54.3581,54.5156,48.2031,55.8412,53.0712,50.2935,48.1937,56.5035,49.2957,50.8383,51.3814)
(28.5737,31.9801,35.536,30.7435,29.2166,27.1335,34.9329,37.0676,30.8984,33.715,31.9925,28.642,28.1787,35.8786,32.3787,35.8828,34.2594,35.6442,31.4932,38.1146,40.1006,38.6828,34.5627,31.155,41.8052,39.8395,41.4069,32.402,38.8886,35.8485,33.8597,41.8581,44.4166,38.5441,33.9088,43.6956,33.6809,43.8169,41.9056,42.7194,40.8735,37.9112,43.2337,39.8462,41.6295,44.4557,37.1892,37.2161,47.4895,41.1267,47.8348,49.2523,38.1268,38.1232,46.5083,41.8289,49.0871,51.0918,46.5791,40.5788)
(27.9149,31.2197,25.4599,31.441,28.1805,35.8317,34.2307,34.7097,31.8268,36.2504,33.6007,36.2327,33.1625,33.5251,38.4085,27.786,38.2295,35.3426,38.4068,31.7514,35.0484,38.4923,34.3274,30.5224,32.4229,34.2892,41.16,30.3691,32.303,32.8249,34.9589,42.031,35.355,35.7239,42.0912,43.0975,41.0125,37.5009,34.3859,41.3779,33.3503,33.3386,33.6597,39.5846,34.3911,41.1723,40.9418,44.6002,35.6908,43.7073,37.4511,41.9849,46.2375,38.7559,45.6682,42.8943,43.4515,43.3451,40.2984,39.8326)
(33.7673,32.8066,25.0208,36.4406,26.2249,32.8785,37.5451,32.3493,26.9596,30.3879,33.4428,35.6373,34.1618,38.8765,37.9955,31.4546,35.7448,29.8644,36.0587,36.0741,40.2894,40.0573,37.0067,41.9414,38.8292,40.8276,34.5988,37.3044,43.7381,33.6241,35.1179,37.6095,44.1691,34.7551,44.3571,35.7986,36.3421,40.1725,42.4115,37.3291,40.3208,42.8285,41.4037,38.9044,44.9903,48.8365,38.5132,44.551,45.5612,44.6729,43.6674,50.2274,43.1184,42.1526,42.3923,42.4613,50.2119,45.1141,49.1241,50.5023)
(34.5495,33.309,26.7687,26.6453,32.0731,29.5723,27.9954,34.1569,27.4287,35.1869,27.5935,30.8282,32.1693,28.2873,34.7375,32.0545,33.7914,35.5775,31.8131,29.5334,30.0625,30.8571,33.6655,31.6138,35.8273,36.4401,31.5274,40.4926,38.5996,41.2806,41.596,40.3437,41.7042,41.522,39.0436,40.3685,38.9061,33.8755,45.5626,42.2881,35.2249,38.9198,42.9272,36.4377,42.1042,44.8891,40.8449,40.3755,41.3049,45.3098,43.7725,43.5092,38.2186,49.0177,40.4141,40.1096,42.5406,43.3859,49.3608,50.3192)
(25.936,27.8769,31.0652,32.1247,25.7283,38.0343,32.5144,28.1677,37.7284,34.8157,37.8175,33.1018,34.2708,31.1627,31.7993,39.5554,33.7153,37.4093,33.8995,36.4312,42.0032,39.5672,44.4895,45.1121,41.8079,39.3991,46.4899,37.8993,46.1963,45.3471,46.1184,39.882,47.2155,41.7716,46.352,47.6125,44.7813,42.1602,45.2296,41.7132,46.4534,49.2,48.8457,51.6885,42.9752,51.4401,46.7608,44.6765,54.7223,47.9028,47.9808,53.6677,49.3816,49.8679,53.0302,52.2044,54.6278,51.193,60.2715,51.2461)
(35.1132,27.1904,32.3818,35.2564,28.9799,30.1395,33.341,28.367,33.5965,28.3666,26.4251,25.864,25.9907,26.2331,29.7679,30.1098,27.3303,25.8835,26.5055,32.7351,29.0269,27.8246,24.7139,34.8752,29.7947,35.5663,32.9517,41.1319,44.4593,37.9397,43.838,34.8279,42.4491,39.8268,34.743,35.7742,36.0166,40.9744,40.1797,45.3021,37.2016,35.3739,41.9886,39.9425,43.4215,39.1702,44.7604,33.3542,33.6818,37.3492,44.752,44.7395,40.7702,39.4049,44.8878,37.2934,36.5857,33.7802,36.5053,40.6512)
(33.6538,30.231,35.9104,33.0079,28.2796,25.9408,30.4197,30.5101,26.0542,33.0288,33.9807,35.624,29.436,33.1059,32.5294,27.4886,31.4476,33.1724,28.8098,28.9266,32.9121,43.3228,41.8815,34.5243,34.406,38.3856,41.9593,43.9185,44.9551,36.6563,36.476,35.6252,37.5762,41.8404,39.9374,39.6701,44.5056,41.5352,35.1731,36.0534,45.4634,42.6031,37.1862,35.4485,39.9294,42.3567,36.6971,39.4953,35.3982,35.2146,41.8551,43.5164,40.7372,40.1519,45.5195,33.8981,39.4479,44.0374,40.3201,34.6623)
(34.6259,29.5667,32.0502,35.3662,32.9495,24.4616,34.4529,28.3762,24.4285,32.482,32.1141,26.8423,29.2292,33.677,29.4282,33.5437,33.2385,33.5609,30.0683,30.9595,30.3184,28.111,35.2042,38.5437,41.6886,34.5425,34.0894,43.9143,34.3258,42.0635,44.254,32.3961,33.5066,37.8563,42.2045,42.1575,42.3826,38.5368,38.2643,36.1972,39.6469,41.6835,40.1731,44.0153,37.347,40.4221,34.9057,43.1883,40.5719,43.579,38.0098,35.4708,37.2496,41.6177,40.8741,44.0454,43.9955,33.0435,41.3126,41.3284)
(32.6594,24.679,29.9574,34.71,34.8073,33.8411,25.9011,30.574,30.4399,29.6056,28.8796,31.4777,32.1728,29.5263,30.6125,31.4087,24.2512,31.8232,33.1522,28.0479,46.8552,45.1847,43.6563,44.3996,45.8626,47.8772,48.3971,40.0653,40.6007,48.1596,40.2151,43.5851,41.7204,43.6284,39.9555,41.7604,43.0894,39.4554,41.6998,41.6131,49.8256,44.0041,39.4462,45.9952,44.6864,44.8248,40.4678,45.1025,39.087,43.6141,46.1648,45.3382,48.1812,42.2231,47.42,42.641,40.0264,46.2647,39.3397,45.9379)
(32.4325,27.1724,29.1414,28.9857,28.9979,34.0802,34.3284,32.9216,28.0045,25.3224,33.7019,25.0899,26.9815,34.2858,35.6864,33.4992,28.7235,26.763,33.862,25.5012,28.1966,31.9885,24.4781,31.2239,28.7948,29.1862,45.1232,37.6268,39.3281,38.8613,37.0814,37.8082,37.7814,36.3782,36.127,34.8866,36.5692,43.6484,34.1771,45.2892,39.9505,37.6796,40.6156,45.1727,40.3559,43.8419,37.528,40.0346,39.6755,43.4251,41.9442,41.9431,34.8502,36.4256,39.3097,35.9761,35.8197,43.3455,39.7574,35.5248)
(27.8106,28.7548,32.4325,33.3079,26.9826,27.1544,34.3736,33.2675,30.177,31.3139,32.1122,35.5571,30.5192,27.479,31.665,25.5846,31.3213,24.8273,26.3755,26.8768,29.5542,28.3369,31.6778,41.9277,44.4972,38.6863,44.8978,46.4328,39.8577,40.2922,46.1152,45.1934,46.9825,48.9556,37.8626,42.1437,39.2709,38.4667,37.7642,41.0806,45.8996,46.2628,45.9477,47.2436,40.3002,46.225,43.1025,44.5637,46.009,47.775,43.6467,48.2388,40.6087,42.6111,40.4372,49.5075,38.687,40.1133,44.445,48.5282)
(30.2372,26.8089,25.4501,35.0265,35.9736,28.1885,24.6999,30.1447,26.8247,33.974,26.5683,31.9419,32.6205,27.2334,26.6275,32.8636,24.2317,28.1176,27.7438,32.8933,30.1039,28.551,32.9539,32.352,27.0006,26.684,40.8199,45.1325,37.9809,45.1252,39.4241,48.8099,39.6874,40.3572,45.2732,42.7401,41.0681,45.9228,37.5487,45.0345,42.6035,46.3565,38.5428,43.0893,45.6338,44.7649,47.6348,42.7438,38.758,38.9529,42.2278,48.927,45.362,42.7864,47.5213,44.3544,44.6371,41.8709,42.3582,38.849)
(32.6605,35.8832,27.0002,35.5399,33.2907,32.7222,30.4473,24.7186,26.7013,26.4016,27.9531,34.7316,30.1755,32.789,27.4823,25.4057,26.5599,29.0114,25.8361,35.2733,24.0275,34.3875,32.0935,34.5418,29.375,29.592,34.8554,30.8799,44.957,45.2706,38.4425,40.2481,37.4422,47.8926,47.0292,46.9385,47.6091,37.2535,36.5917,45.3415,41.4482,44.621,47.3854,47.9737,44.8219,36.8113,39.7425,43.9975,40.5662,39.8695,41.952,44.4157,38.9699,43.4518,41.525,42.7772,40.7307,47.28,39.8651,39.1748)
(34.6571,28.7107,30.0555,27.4603,24.6489,29.567,28.9964,31.3936,30.8134,28.8359,27.6553,29.1238,34.9997,28.4977,27.0997,26.5011,34.6079,33.6054,26.4181,25.6312,31.2243,33.7434,31.7171,29.4708,30.3687,45.688,43.1226,45.3931,37.4865,38.4002,43.9757,44.2217,41.2788,36.9265,34.5965,41.9611,41.7936,45.7479,38.4479,44.0223,42.0742,40.0163,38.8434,43.2431,36.7253,38.3443,38.8493,40.2319,36.621,36.1994,46.0034,36.5626,42.6849,43.9569,43.8985,43.3216,45.8239,34.4452,42.7517,45.208)
(34.8051,27.8044,28.9207,34.0835,32.1853,30.1462,26.5312,26.9892,25.1134,24.9548,34.5814,32.9546,26.601,30.2398,26.4512,31.5618,31.7237,24.6581,24.1076,28.9505,48.4057,50.3733,50.9208,45.6215,55.4924,52.8374,55.5783,46.667,46.3412,53.4238,52.5608,52.3695,48.611,44.7229,47.9838,50.6186,49.8504,47.9926,44.4001,45.3486,45.5928,48.6033,55.4828,44.0755,54.1917,55.3076,50.0421,52.8785,49.1424,46.0732,55.8739,49.1277,54.4373,50.5275,46.2884,52.6626,52.8689,47.5138,44.3847,49.1167)
(36.0272,34.7133,25.8111,35.0614,29.0977,31.2559,25.3683,30.6904,29.3445,26.6477,33.8066,24.3793,30.8648,27.7196,33.1757,32.2657,32.2107,24.2739,31.5137,31.7208,30.6265,25.9235,26.0278,31.2001,30.5982,31.9294,34.9218,43.3703,45.4605,37.6178,47.2647,37.5426,46.2515,48.1188,40.6213,45.1506,42.0832,47.5445,37.1379,48.1185,40.7043,37.7809,46.015,40.448,37.4111,46.8798,43.5503,38.2326,46.6793,41.6914,44.2171,42.4082,46.9522,40.8512,39.9644,47.8739,39.0155,43.4416,47.2753,42.1996)
(30.3301,24.4719,33.6891,33.5022,34.7404,26.4497,30.5666,33.5191,29.3956,26.0542,33.5947,28.8991,35.9941,33.7071,31.6305,34.819,33.6891,31.8831,34.6692,34.7158,25.8769,34.9589,28.1672,28.5847,29.1708,33.5484,46.3479,41.4863,41.6651,41.3794,44.0381,41.0405,46.067,40.06,45.3597,42.1891,47.7037,42.8641,41.1837,44.1005,43.4821,45.7523,41.4723,41.4037,42.1399,38.6157,46.2877,46.494,46.9681,40.5668,37.6881,37.1252,46.0754,40.3967,39.5272,37.232,48.1785,41.1279,45.4721,39.5661)
(29.6376,25.134,30.6742,25.3631,27.1261,35.1528,28.6288,33.6002,26.5015,30.0312,25.6147,35.3838,25.5596,35.6357,24.6478,26.4901,28.5164,34.6005,25.7994,24.4072,32.0792,27.6667,24.1719,33.8011,34.2906,36.6396,42.2702,44.7802,44.8694,34.8531,36.7744,40.8381,36.3161,41.7682,35.1517,39.501,37.814,36.0018,34.5784,39.5869,39.7529,43.7328,42.6797,42.5049,43.2727,39.4338,39.9218,40.2329,37.6601,45.2608,43.933,34.44,40.7576,41.4186,42.9881,38.9909,44.8213,39.84,41.1998,36.127)
(35.4011,28.1367,26.8173,27.9553,26.8617,35.5832,34.1018,27.9917,25.8761,27.2785,26.1717,25.3084,31.113,26.048,28.4698,28.8253,30.8123,28.1867,30.6812,31.488,33.7805,26.294,28.0357,34.0012,42.7304,43.5453,35.2219,38.9521,33.6384,43.0341,43.3359,32.6833,41.2094,33.37,34.9935,31.9206,40.8884,41.4286,39.8459,32.0175,40.371,32.7806,32.7721,42.3268,35.1528,40.5201,42.253,33.3226,36.3077,41.3273,42.3639,39.5176,39.9987,42.4175,42.3948,42.5181,42.892,42.8207,36.0466,34.6931)
(35.9695,24.4447,29.3614,29.2175,34.4507,32.9682,35.252,27.7412,31.5882,35.8142,30.5215,34.6732,32.1262,31.7039,34.2866,25.0308,31.9554,35.4874,24.5189,27.421,36.5746,42.0517,35.5325,43.3987,42.8585,41.4307,42.983,40.0283,33.1819,42.42,37.3921,36.1178,36.2001,43.1725,42.6833,43.1214,38.6127,38.4467,35.5262,37.6164,35.9599,43.2044,44.5106,44.3233,37.7519,36.6055,42.9011,44.204,43.857,40.3662,39.963,44.9344,39.1518,34.0349,35.809,43.3836,35.3834,41.4822,40.198,36.9095)
(28.0556,35.4312,34.5513,31.9173,30.6514,34.6395,25.835,25.5585,31.7381,34.7933,34.4254,35.0783,34.8664,35.0952,27.1383,32.1111,33.5734,34.7985,24.5042,26.5437,30.4502,31.6584,34.7202,39.0292,42.8835,42.3088,36.1395,33.1999,43.2056,36.6478,43.2584,41.083,41.1903,34.7823,33.9744,36.8883,43.0517,33.0009,40.8157,33.3307,34.7166,43.4208,39.5154,36.8721,33.3733,43.1329,42.9191,38.2408,33.1886,36.2714,36.6099,32.5852,42.6118,33.8499,40.9013,33.5422,31.6451,38.9811,36.3558,39.4757)
(29.9625,28.9806,26.8434,31.434,32.2158,25.1244,34.1444,33.0784,32.7193,31.7707,24.6353,33.9087,30.3316,34.8866,26.6047,32.6175,24.9856,28.5939,33.8136,29.2883,30.2089,33.2565,24.9419,34.7511,34.5289,36.9908,39.0993,38.8955,44.7079,43.2482,43.3316,39.3711,45.9965,36.9012,40.7926,42.3735,42.3037,45.5988,41.3284,34.797,41.6938,36.621,42.325,44.0197,41.805,36.4506,44.5327,37.7862,42.9115,38.9363,40.2741,39.2973,41.0787,45.3799,39.0935,45.7556,45.4119,44.384,45.4835,42.5365)
(32.8617,35.7793,31.8504,25.3539,32.9183,35.7459,35.6089,27.0046,25.7806,26.1369,29.5799,28.0376,29.5869,30.5016,28.1029,25.2779,24.585,33.482,30.3492,35.5762,31.4391,30.1781,30.1542,25.7054,34.255,35.9633,40.6107,44.1867,49.4177,49.4831,45.7415,50.7235,50.9993,45.1124,46.3826,48.0711,43.2102,49.182,51.0085,46.7003,49.4056,49.9421,46.2714,45.9291,43.3869,48.2731,52.0991,44.6185,51.1848,48.6502,42.0061,47.0969,50.5616,43.2686,52.3837,43.6303,43.1328,43.8558,40.4403,47.0411)
(26.7435,28.0269,34.5234,26.8544,24.1954,25.6382,32.7982,31.2787,35.2924,33.388,25.3007,35.1172,30.0305,35.1341,35.9747,33.9722,29.8836,31.868,28.0548,28.9314,28.3016,44.4724,43.3164,39.1154,40.4308,34.852,36.6202,33.5363,37.8361,40.6791,36.4101,44.4218,40.8998,37.7237,35.3342,39.1456,40.8083,41.6001,37.0833,41.5395,35.8252,34.7488,36.2948,43.2804,33.9094,38.3046,45.103,40.0508,42.0051,43.4512,35.8622,42.4311,34.8619,40.2817,36.5592,37.8416,34.6188,39.2583,43.8761,42.2834)
(29.126,28.2653,32.4141,35.238,35.3552,32.5456,32.5742,26.7993,27.5077,25.8706,26.9859,36.0084,35.075,28.4702,31.958,29.6203,32.5301,29.4312,35.863,25.2037,25.131,41.3258,44.0285,50.9242,41.4135,42.3331,50.5125,46.4088,48.2446,48.0239,45.0659,46.1323,44.142,46.9501,40.6057,45.5429,42.437,42.2034,49.0131,47.8065,43.5555,44.8503,42.1722,43.8071,48.3874,41.3456,51.2286,46.7915,40.0908,43.6069,41.9405,40.6409,44.5121,47.6397,40.3042,43.7057,48.4873,45.4893,50.0711,50.9197)
(25.4781,24.1241,24.3562,29.2685,33.3975,31.8119,24.5835,26.9884,32.7428,32.9715,33.2249,31.8482,25.1997,25.113,31.9977,25.5427,26.4431,24.7917,27.1772,31.9984,48.4216,37.6878,38.2427,44.3191,41.8514,47.4658,37.888,45.1464,44.7091,45.081,44.0774,48.8605,40.919,40.4372,39.7997,38.3198,39.7468,41.9589,41.5242,49.4583,44.3734,38.0646,47.9971,43.6236,39.2937,42.4911,38.1333,41.7493,46.5518,41.4019,46.9579,48.4485,42.1176,47.2234,41.7136,46.1596,47.1397,48.9952,48.2351,44.6929)
(28.5458,34.6552,30.6474,26.637,24.036,29.288,34.1768,32.9194,29.1499,31.2093,34.089,24.2637,33.4856,35.7404,25.7182,28.6556,25.4303,35.1653,33.5341,34.9027,26.3957,31.835,34.5296,38.67,39.6486,43.9818,41.249,36.7384,40.1407,42.6429,44.0329,34.5549,44.8517,44.2051,33.9281,40.346,42.879,34.0265,34.4683,38.6781,41.3764,41.91,37.0953,35.2754,40.8953,43.1045,34.942,35.4021,41.5853,43.4875,33.5058,43.4148,34.0019,42.47,43.1159,44.7621,42.5783,42.4564,40.0173,33.9787)
(31.7502,24.3823,28.5432,31.8552,34.4834,31.676,34.9439,28.4224,32.5654,28.9806,35.2167,30.1972,33.8687,34.1661,25.7711,24.2431,34.0115,27.5033,26.0348,29.4426,43.8283,49.8462,42.7119,47.3782,41.5372,46.4271,52.1909,44.0508,40.2339,48.4927,50.3262,40.2453,44.9975,50.4257,43.1636,44.2223,42.0964,42.2154,51.9067,48.9473,45.3551,46.3437,51.8884,42.1974,43.269,43.298,41.1112,49.1247,41.2816,44.7922,50.7132,48.2151,50.6853,50.3508,48.099,40.7851,50.0993,50.0684,50.4856,42.7567)
(25.535,29.2788,26.5951,24.8351,30.0958,24.5192,34.3383,32.7064,35.1334,26.886,25.495,32.7123,29.4437,27.9028,25.4079,27.3061,28.9402,24.325,24.6368,24.1072,30.7484,31.0102,26.0902,34.3971,31.2511,34.3027,40.006,39.6839,35.7958,34.7533,43.4938,43.8126,43.6767,34.9424,42.4282,40.0655,40.8965,45.5124,39.309,38.3168,35.9589,40.8847,44.8838,41.8406,38.8375,46.0706,41.9394,43.1292,38.9242,41.8777,42.5585,40.1334,42.0404,41.892,39.1746,34.1984,42.0437,40.7867,40.8168,37.1365)
(27.6766,32.6936,30.8854,28.7287,27.6906,29.7734,31.1013,33.0556,25.6602,33.6832,30.1719,26.7824,25.7164,35.1135,28.7202,35.801,29.3452,26.7696,27.0644,33.6186,30.2009,26.4494,37.3387,39.4238,40.8589,34.9569,35.1424,39.7613,38.2241,36.6601,33.7157,41.6686,37.6707,40.6999,33.0,38.2057,39.2486,43.0556,38.6251,37.801,31.9689,39.8248,34.5251,33.5927,39.1469,43.1129,33.0397,41.142,42.8745,38.3768,35.9201,42.4376,33.1693,37.0269,34.4671,41.1416,36.2789,35.1336,38.6431,42.93)
(27.1019,25.8456,31.351,32.4152,34.4551,25.2298,30.4671,26.9304,28.0585,26.1332,30.2758,32.5676,30.2963,27.4276,34.6391,30.2949,30.3474,30.6757,29.2869,25.4924,53.2196,49.2988,44.2319,52.8997,55.1133,52.2784,54.7406,43.3359,53.759,50.9887,48.2743,52.5905,47.5204,43.8823,54.8607,52.7958,47.6683,51.7011,47.1601,51.4066,44.9572,44.7713,51.7761,53.5762,51.8065,52.6085,50.58,52.8502,47.4913,47.0786,43.9374,53.5663,44.8095,50.7309,52.1032,50.1258,45.4746,49.5265,53.6522,50.757)
(27.0784,35.7051,35.2744,32.3616,35.8245,28.754,35.4242,30.6882,29.9721,26.3083,32.0024,32.828,24.7322,35.881,29.5531,34.1569,25.0062,27.5672,25.0088,27.4089,35.816,30.6063,32.3744,32.4086,51.9483,48.116,47.7043,48.7024,52.0294,48.3668,42.7685,48.0686,51.8642,43.8033,45.2417,45.1811,50.0545,47.206,45.1786,50.8708,53.0797,48.5669,50.3295,42.5247,48.6418,42.4105,41.7785,44.5356,42.5831,44.8951,44.4786,44.5414,46.9423,52.9298,46.8366,49.6675,45.097,47.9749,50.9891,51.5094)
(30.9214,30.4733,24.9228,30.6632,26.6403,27.6402,26.4196,28.7801,31.5449,30.0382,31.5552,26.0447,33.2521,34.0949,34.8363,33.4203,33.475,33.1482,30.7315,29.7407,34.5172,29.3882,27.4842,24.0525,34.2517,32.3755,45.8833,50.1706,51.3622,46.3736,45.6211,52.6313,42.2699,44.7721,46.5553,44.1651,52.2502,50.0167,42.7054,52.8014,45.1654,44.7196,48.4961,46.1995,43.1163,48.9551,51.4199,45.0857,52.3702,49.1674,46.321,51.9817,50.0435,45.6457,50.9043,48.3055,42.441,41.4569,44.1765,42.1626)
(35.4279,29.9875,27.5962,30.4061,30.0577,27.9109,34.9207,33.1853,31.8093,28.136,30.8986,28.0581,24.0617,32.0454,30.4678,27.2525,33.6391,27.3546,28.3758,34.479,31.4145,29.086,44.4048,41.9019,43.9682,45.7217,35.7039,40.7752,43.792,35.8865,39.0769,40.0775,44.0637,45.4474,36.7281,36.3936,38.9127,38.0861,40.6974,37.68,34.6985,42.4149,44.6832,34.8057,40.6302,43.2463,38.8844,36.7593,36.8453,36.7413,38.5826,40.5446,42.1615,39.2373,35.1024,41.4289,36.7054,38.0931,36.478,38.7963)
(24.0228,24.748,32.1244,29.9354,29.4396,32.2253,25.4905,30.2923,27.5191,26.4582,35.3776,28.5374,28.3372,28.1551,33.3681,26.8485,27.9032,35.6387,35.3592,35.1932,33.9267,42.9868,51.3531,51.6884,44.716,47.0045,43.1627,41.7577,42.1943,41.5418,43.4733,49.9739,47.19,43.1256,45.5316,46.3303,41.8043,50.1575,45.5371,49.9694,47.678,43.2919,43.011,51.3557,48.112,46.0967,40.818,43.8046,51.4145,50.8346,40.696,44.413,41.6464,41.3787,48.209,50.6183,50.2875,50.4659,46.8925,41.0563)
(33.5767,25.8743,28.0093,31.3058,25.6077,32.5177,29.1514,32.7472,31.0517,34.0967,33.5965,31.7472,33.8246,24.4146,24.7352,33.323,26.966,30.1638,31.4039,27.3285,34.4323,28.9993,26.211,24.2387,29.317,33.937,34.8414,35.585,30.1469,28.5818,44.7668,49.2421,38.8866,47.0587,42.0314,43.9516,44.0364,48.944,40.8938,44.7386,40.8358,39.0918,38.3071,47.4222,39.6702,46.9617,46.817,42.5044,38.7691,42.316,41.1824,38.4279,40.1667,39.242,44.9064,38.1327,49.3384,44.6126,45.6952,47.5078)
(34.8447,30.1876,32.9132,28.9971,26.1468,29.7911,29.2707,30.5637,24.8284,25.5056,25.0389,27.4273,30.3356,30.4921,24.4528,26.1365,31.4413,35.122,35.9115,32.8739,29.7687,28.1635,33.984,30.5666,25.7311,43.6075,37.5767,41.2335,38.0989,40.1594,37.602,35.4777,37.9307,39.9754,42.7802,34.4781,44.4474,36.9704,41.1964,38.1437,39.0786,41.1027,37.9535,40.5512,41.5291,41.6069,34.6136,38.9692,36.0729,43.1048,42.6972,36.9873,35.8732,36.5962,39.8575,39.1106,40.5325,38.0603,36.0718,40.2108)
(29.6713,32.0359,35.61,34.3365,35.8678,26.1497,28.4356,30.3562,27.233,32.0171,27.4431,29.7815,33.1518,33.0993,29.8436,35.7433,29.8535,29.527,26.1805,25.5945,27.7526,24.2574,31.3249,33.9087,28.5183,27.0248,25.9955,34.606,39.8024,39.8986,35.8511,34.2578,40.9687,42.6278,39.9302,36.76,39.1837,37.4228,43.3479,38.3034,37.4471,39.4257,42.5646,38.1609,41.8952,36.4145,37.6362,43.7155,37.8128,44.2223,35.9224,42.7875,38.0526,41.1923,33.6339,42.4508,40.296,43.7607,43.2771,42.3473)
(27.9542,24.5607,34.1419,31.0212,30.4197,35.8784,33.0931,29.2971,33.3975,35.8076,35.9798,33.1324,31.1509,30.9629,24.6555,25.6903,29.3067,24.7998,30.0286,25.0638,32.2052,26.9822,33.2668,27.1911,35.1649,35.9802,31.5398,32.742,41.0596,42.8807,38.0172,40.5073,46.0872,41.8969,36.2031,43.9118,42.8575,40.056,36.007,38.1751,41.1782,46.8844,42.4176,46.0141,46.3718,36.574,36.0368,37.0466,36.2623,36.5729,45.7351,42.249,40.4673,41.6317,47.0346,45.1655,47.114,36.4448,40.0729,44.3308)
(28.1088,29.5571,32.1706,30.0073,30.0584,35.4896,25.586,32.8786,33.8558,29.3816,32.8775,29.6475,30.9786,29.8715,24.928,33.2888,31.1582,24.2468,32.5481,27.4981,29.4011,26.7648,33.1823,25.3066,24.1752,46.0895,47.833,48.2792,42.9483,49.8557,41.3663,45.1237,48.0034,47.5723,46.7248,42.3824,49.8083,44.8945,47.9839,42.5946,50.1032,38.6026,42.7749,46.8331,45.7259,44.0426,45.7006,39.9437,50.3209,49.5457,46.0858,40.5848,41.9979,48.6152,45.2827,44.9636,49.39,41.9612,40.0392,48.1554)
(26.5753,29.6302,32.9267,26.5386,26.8485,29.3151,32.8493,28.3589,33.1008,34.2932,34.8201,32.2948,26.6473,29.1536,28.7213,27.1801,27.1742,26.3605,33.3329,34.822,29.6185,34.5058,34.8366,42.0338,45.8539,41.773,39.743,34.967,44.4009,40.9758,36.2871,42.5945,42.4553,42.1237,41.0114,45.6813,36.6202,40.1606,36.6092,43.1574,38.6689,40.266,36.4564,34.501,45.6589,34.7055,35.2299,43.0447,43.7215,35.0782,46.035,36.1748,44.4045,43.0109,45.432,37.6135,38.121,40.899,38.8118,35.0702)
(33.1287,26.6333,34.6758,35.0963,31.6554,32.6719,26.8639,30.278,26.6421,33.7519,29.8986,24.9353,35.8281,25.4277,25.1134,32.7002,31.1079,35.5935,31.911,29.0482,27.1177,49.5392,44.4708,39.5633,45.7318,48.9802,39.8442,42.2939,40.8349,47.9829,47.1522,39.4094,40.8074,49.1253,43.2946,44.0232,48.5256,43.4789,49.9405,48.5961,40.5485,40.9969,43.8634,48.7577,41.5554,47.2492,40.2757,41.4875,47.0777,50.0511,50.2141,40.1438,40.0781,49.4532,40.2066,46.5584,40.0741,50.2457,40.4942,46.7472)
(29.4058,35.8733,34.8102,29.3203,35.0893,33.7581,32.1927,28.7426,35.7224,30.1043,27.4757,32.4181,24.0885,30.564,33.652,25.8409,24.4399,26.1938,24.4902,24.2795,30.8362,29.5322,32.3689,27.4541,24.285,30.6999,28.7893,24.5347,48.4173,50.2948,51.6249,48.7382,42.2627,52.33,52.0568,47.7856,44.3951,47.1922,42.3747,47.6053,49.0687,42.7951,44.8607,41.8246,44.3844,41.5396,49.9236,48.3445,51.3818,50.8894,46.0325,51.1148,47.5227,43.6809,44.0393,42.992,44.1858,46.0189,43.6126,49.7235)
(35.0041,28.2296,32.4391,33.6942,25.4755,30.1109,25.99,33.4812,30.3878,33.4129,25.8247,29.7841,27.1001,34.9215,32.3785,30.8699,28.2777,34.6505,33.8639,29.1194,35.3056,26.6888,35.2362,49.283,44.5187,53.2986,46.9001,50.2165,46.3247,50.2573,48.4505,45.5605,44.2532,44.4471,53.7525,54.2196,52.2454,52.8293,46.1473,53.5762,49.0862,51.2763,54.4976,45.4878,46.6482,54.1167,48.4215,53.2079,52.4973,53.3478,49.9584,46.606,55.0814,46.5226,51.4136,51.7563,45.4177,51.4052,45.0953,45.183)
(24.1608,25.9334,28.7254,24.7814,27.284,29.8513,27.6186,25.1406,32.388,28.1698,27.612,29.0566,30.6918,34.1485,34.1984,34.6512,26.1446,34.981,34.5208,35.776,32.9671,30.7631,26.3704,26.774,26.7721,32.2154,26.5232,44.5241,46.0668,37.9674,41.6286,47.3315,37.62,46.669,43.3688,36.8128,42.8815,43.7985,42.6891,38.5502,38.8836,39.202,36.8,46.8368,42.8452,47.1064,44.0871,45.9379,37.8638,39.7969,40.0128,41.4303,36.8268,40.1703,41.9583,41.8382,42.746,43.6857,44.0441,45.0856)
(24.415,34.8998,29.577,32.9036,26.0351,27.4298,32.2944,34.028,35.9394,27.1004,26.2863,34.1448,25.4997,27.4133,25.4116,26.6333,24.0356,26.3653,24.5009,30.4612,30.4403,53.8476,44.7549,51.5139,52.2461,54.5152,54.4469,52.2425,54.7745,51.2381,44.1383,44.9014,54.4623,49.2617,51.9663,48.2732,46.6255,46.0291,45.183,47.2079,49.8813,48.1392,51.2837,51.9902,49.8798,55.1439,51.6883,51.7831,44.2132,52.6754,51.9983,52.0453,51.999,51.3777,50.9333,54.9089,53.9229,45.6751,45.2032,52.0813)
(28.01,27.9612,26.655,29.1425,25.2864,34.1151,33.7284,29.2979,27.7453,33.4049,29.7003,30.3632,25.7601,35.0001,28.1499,30.7855,32.7857,26.2959,25.7215,25.7605,29.6331,43.7712,49.5215,46.7979,45.578,41.0241,50.1076,46.0318,50.657,48.3016,48.6508,50.4043,46.6734,41.5228,51.0297,42.8279,41.1353,51.2104,41.171,43.5821,51.0014,51.8082,49.873,43.7352,51.2273,51.3554,43.7169,45.098,48.9354,44.9658,42.0684,41.6366,44.4208,43.0658,45.8978,48.0038,43.3188,42.4085,42.0156,46.2155)
(35.0357,35.913,30.9581,31.2577,24.3393,25.777,29.0941,32.9106,32.63,29.0548,31.9444,31.8321,33.3083,35.2788,34.8653,35.7775,27.6513,33.1731,27.8349,31.8787,32.6462,30.6089,33.3582,41.8695,45.0662,45.4426,47.0998,50.0236,47.0084,52.7411,45.7356,41.4314,48.3476,44.7831,48.456,51.2564,41.1799,47.3319,50.0332,41.4377,42.2074,44.0123,52.5497,44.5825,47.6228,46.9801,47.4153,44.941,42.7281,51.5212,44.7845,42.0649,41.0976,46.4142,43.9671,50.8418,49.8716,41.3367,48.9789,50.3226)
(29.8729,27.1375,35.5832,29.0283,24.094,35.5057,32.4244,35.6754,28.1738,24.9269,30.5295,35.6732,28.0618,29.0283,32.8074,27.7974,35.003,33.4684,30.1135,33.5418,32.4203,34.5175,42.4794,36.5999,46.1564,35.8974,34.9606,44.3041,39.8883,39.1612,39.007,40.8787,41.8177,41.1406,37.5209,44.9747,39.7569,37.3472,40.7792,41.3521,38.6798,44.8513,39.9739,43.5367,42.7148,43.4937,40.6878,37.0178,46.5633,45.2527,36.7919,41.0131,44.2358,39.4521,43.9645,39.491,44.9607,36.7912,41.2981,43.5466)
(30.8949,35.6526,26.5059,33.7188,33.1544,24.2648,27.0461,34.66,28.7801,35.6699,29.1249,30.6827,25.4039,33.0883,34.3196,24.4653,34.8767,35.6144,31.9808,34.3997,32.9606,39.2874,42.1819,42.653,36.1224,34.1144,41.3108,32.6022,37.0716,43.6926,32.3837,33.2636,37.6074,33.4193,32.3514,43.7771,40.7405,35.0894,33.9209,32.3257,44.2985,41.244,35.2208,35.154,34.1743,32.9393,42.2289,36.472,33.254,33.016,42.8344,41.7599,39.438,34.8308,41.6509,41.0141,41.1463,35.4533,34.1247,33.7751)
(24.8027,32.7975,32.0858,32.5511,30.2582,27.4614,35.801,31.9856,30.9819,32.182,25.1479,29.0004,25.4968,28.6229,33.1897,32.3587,30.6687,35.2641,31.8963,25.8736,28.8822,32.7365,25.2783,33.4522,27.1078,50.2946,45.9834,42.3803,49.7012,47.0814,48.4938,47.2349,49.0523,46.6037,47.5419,50.1249,49.6064,49.4408,49.3376,50.6908,39.7594,50.248,39.9812,42.056,47.4766,45.393,48.2822,46.4957,46.8336,44.0996,41.6403,50.2535,46.7671,50.3758,41.929,48.4669,42.0329,49.194,48.1229,44.1481)
(34.837,30.9834,35.2692,34.6413,34.638,26.1563,29.2891,31.6385,28.5664,34.5436,30.3433,31.8284,24.6386,24.2765,31.1509,34.8029,24.6467,30.3837,28.0203,30.2328,33.544,25.8596,24.0874,45.9048,45.5728,39.3741,47.0902,39.6565,47.5466,47.1265,44.5989,40.1317,45.6121,46.7711,39.0661,43.4628,42.259,40.1284,39.2746,46.738,42.0927,43.823,42.4122,43.5718,42.5601,40.3961,49.8586,44.4238,46.6943,43.8575,40.5081,43.8274,42.6046,48.4044,41.8812,43.2002,44.8472,44.1924,48.2157,39.3628)
(34.6989,25.6092,32.5066,27.8452,26.7035,30.755,24.6379,31.2148,33.8033,28.1705,29.9468,29.9783,31.5387,34.8616,28.1617,34.8275,35.9255,32.9848,24.3125,25.7667,31.4197,25.0183,29.1128,38.6137,34.0954,40.5545,36.3711,39.6698,38.7911,40.5027,37.9718,32.2472,39.7058,33.0268,40.3044,44.0089,36.6315,41.1563,33.4157,41.7145,35.8019,43.8679,33.1924,41.0484,34.7788,40.9845,32.5549,43.9623,43.4577,33.7789,37.0908,35.5533,34.7785,35.962,33.5967,37.8367,37.6031,43.2352,34.7832,43.3075)
(35.9695,24.4447,29.3614,29.2175,34.4507,32.9682,35.252,27.7412,31.5882,35.8142,30.5215,34.6732,32.1262,31.7039,34.2866,25.0308,31.9554,35.4874,24.5189,27.421,36.5746,42.0517,35.5325,43.3987,42.8585,41.4307,42.983,40.0283,33.1819,42.42,37.3921,36.1178,36.2001,43.1725,42.6833,43.1214,38.6127,38.4467,35.5262,37.6164,35.9599,43.2044,44.5106,44.3233,37.7519,36.6055,42.9011,44.204,43.857,40.3662,39.963,44.9344,39.1518,34.0349,35.809,43.3836,35.3834,41.4822,40.198,36.9095)